intrinsic:
949.0352912401207 0.0 615.9088255113905 
0.0 951.515272027062 322.3244511087583 
0.0 0.0 1.0 
distortion:
-0.007695978623004731 0.09490766549450315 0.002473247711744151 -0.003073124757713635 -0.03829630612396905 
