intrinsic:
957.732974083641 0.0 617.7155549220529 
0.0 959.0251461305124 315.2693289018389 
0.0 0.0 1.0 
distortion:
0.0003118527208299827 0.21367118022265771 0.004702024653044896 -0.0013491166356233767 -0.6331351203621579 
